year,CD_rate,change
2013,2.72,-0.58
2014,2.49,-0.23
2015,1.76,-0.73
2016,1.49,-0.27
2017,1.44,-0.05
2018,1.68,0.24
2019,1.69,0.01
2019.10,1.46,-0.08
2019.11,1.52,0.06
2019.12,1.53,0.01
2020.1,1.47,-0.06
2020.2,1.42,-0.05
2020.3,1.23,-0.19
2020.4,1.1,-0.13
2020.5.22,1.02,0.0
2020.5.25,1.02,0.0
2020.5.26,1.02,0.0
2020.5.27,1.02,0.0
2020.5.28,0.81,-0.21
2020.5.29,0.81,0.0
